  node o_rank o_in o_out p_rank p_in p_out
  4584      1 1234    28      1 1117    27
  4963      6  662     2      3  519     2
   700      7  636     2      2  484     2
  3507     12  671    20      5  508    16
   698     15  714    19      6  476     1
  1898     17  814    18      9  677    18
   695     23  485     8     14  361     7
   699     24  537    14      4  362     1
  6540     26  684     3     18  511     2
  4597     27  657    25      8  657    24
  2941     28  655     6     11  602     6
  4770     30  503    11     15  345     8
  4613     32  679     5     10  679     5
  4590     33  634     5     13  634     5
  5648     37  441     7     17  367     7
  4969     38  504    17     29  358    17
  3786     39  407     5     19  380     5
    42     41  309    17     16  290    17
  9218     45   57     4     21   54     4
  9217     49    8     2     23    6     2
  4587     51  404    11     44  219    11
  1232     52  463     1     26  409     0
   398     53  412     9     27  331     1
  4585     56  322    17     22  310    17
 26085     57  485    15     20  471    15
 12858     58    1     1     24    1     1
 12859     59    1     3     25    1     2
 32817     63  417    17     37  297    17
  6527     65  333     1     33  306     1
 11830     68    8    11  49370    0     9
  7786     70  302    24     30  293    22
 61847     72  406    15     28  406    15
  3938     73  223     2    142  182     1
  2714     76  140     2     35  107     2
  9562     77  316    10     47  277     7
 61849     81  402    15     32  402    15
  6535     82  316    10     58  212     6
  2756     83  176     5     34  170     5
  1831     87  270    12     51  227     6
 16422     88    1     1     39    1     1
 34695     89  208    13     41  205    12
  6520     90  289    10     90  150     9
  7744     92  255    12     43  222    12
 16423     95    2     4     46    2     4
  1255     96  251    11     50  200    10
    59     97  143     4     40  142     4
 19048     99  212     7     36  210     7
