  node o_rank o_in o_out p_rank p_in p_out
  1647      9  375    10      1  124     9
  1658     41  132    10      6   39     9
  1659     47  116    10      7   31     9
   691     51  114    10      3   32     8
  1670     63   92    10      9   25     9
   696     66  154    10     12   35     8
   948     74  140    10      2  115    10
  1227     78  109    10      4   57     6
  6707     87  161    10     18   33     9
  6721     95  113    10   2011    2     1
  1649     99   78    10     11   32     9
