  node o_rank o_in o_out p_rank p_in p_out
   187      1  136    10     12   62    10
   182      2  201    10     10   62    10
   186      3  121    10     13   51    10
   192      4  142    10     26   52    10
   103      5  171    10      2   77    10
   204      6  148    10     41   53    10
   189      7  100    10     19   41    10
   215      8  175    10     62   42    10
   201     10   89    10     34   40    10
   129     11  129    10     69   38    10
    82     12  136    10      1   62    10
   520     13  280    10    111    9     1
   107     14   92    10     28   46    10
   679     15  171    10     66   25    10
   136     16  194    10    261   19    10
   155     17  171    10    102   35    10
  1329     18  171    10     11   68    10
  3957     19  224    10     31   83    10
  1339     20  202    10     17   74    10
    91     21   83    10      4   45    10
   130     22   90    10    101   32    10
   214     24   79    10     73   24    10
  1332     25  123    10      5   72    10
   106     26   82    10     15   54    10
   668     27  156    10     59   42    10
    96     28  102    10      8   49    10
  1379     29  209    10      3  144    10
   191     30  155    10     46   25    10
    94     31  130    10     14   74    10
    90     32   84    10      7   49    10
   105     33   54    10     20   40    10
   144     34  227    10   1741    9     8
   188     35   63    10     33   26    10
   199     36  103    10     71   23    10
   137     37  118    10    215   20    10
  1330     38   77    10      6   64    10
  1282     39   75    10      9   53    10
   680     42  101    10     80   23     8
  1396     43  162    10     25   62    10
   193     45   48    10     54   17    10
  1237     46   95    10    118   14     7
  1385     48  123    10     21   64    10
   135     49  106    10    809   10    10
   481     50  193    10    216   34     9
   163     52  127    10    235   20    10
   194     53   41    10     43   14    10
  1233     54  108    10    142   12     8
   101     55  107    10     42   58    10
    79     56   59    10     56   33    10
  1340     57  150    10     58   43    10
  1341     58   91    10     30   50    10
    89     59   52    10     16   39    10
   197     60   36    10     67   16    10
   678     61   76    10    123   17     5
    84     62   97    10    359    7     3
  1236     64   66    10    158   11     6
   151     65  148    10   2709    5     8
  1333     67   67    10     23   48    10
    93     71   50    10     18   29    10
    85     72  100    10    494    5     2
   104     73   78    10     45   48    10
   225     75  153    10    410   25    10
   681     76   77    10     77   32    10
   488     79  132    10   3181    4     6
   141     82  136    10   4313    1     3
    92     83   56    10     27   47    10
   971     84  133    10    157   17     6
    99     85   63    10     29   35    10
   221     86   76    10    213   11    10
  1328     88   47    10     24   24    10
  1643     89  109    10    214   13    10
   152     90  121    10   2984    4     6
  4171     92  112    10    116   21    10
 39139     93  179    10    270   20    10
    51     96   98    10    134   20     7
   110     97   46    10     40   30    10
  1660     98   68     9   3111    4     1
   230    100   69    10    369   20    10
