  node o_rank o_in o_out p_rank p_in p_out
     1      4   96  2551      8   22  1192
   101      6   95     0      2   31     0
    61      7   79     0      6   25     0
    59     10   68     0      3   25     0
     3     11   84  1823      1   32   869
    24     14   64     0      9   18     0
   123     16   67     0      4   28     0
   178     19   48     0     13   14     0
   223     20   63     0      5   22     0
    49     25   64     0      7   24     0
   689     28   43     0     35   16     0
   129     29   38     0     14   14     0
    13     30   41   244     26   15   114
  1890     34   30     0     11   13     0
  1642     37   28     0     12   12     0
    93     39   44     0     23   11     0
   165     41   38     0     21   11     0
   110     45   30     0     18   13     0
     6     49   25     0     36    7     0
   243     50   36     0     71    9     0
