  node o_rank o_in o_out p_rank p_in p_out
   189      1  355     0      1  104     0
   218      2   45     0      9    8     0
   104      3   32     0     34    6     0
  3080      5   20     4     31    7     0
  2687      6   36     0     20    9     0
  1920      7   30     0    579    3     0
  3768      8   22     4     14    8     2
  5215     10   24     1     30    7     0
  2260     11   14     0      8    8     0
   430     12    6     0    102    3     0
   681     13   32     5     15    7     5
   371     15   27     0    730    3     0
   434     17   11     4    206    3     4
   984     18   22     7      2    9     7
  1317     19   24     0     19    6     0
  4650     20   20     2   1028    2     0
  2049     21   19    23    218    6    23
  7776     23   27    13    161    6    13
   499     24    5     0    440    1     0
  2503     26   19     0     98    6     0
