  node o_rank o_in o_out p_rank p_in p_out
     4      1  204     0      1   97     0
    14      3  144     0      2   53     0
     8      5  102     0      4   37     0
    19      8   93     0      3   30     0
   159     12   67     0      5   26     0
    86     24   52     0      6   16     0
    13     30   41   244      8   17   141
  1890     34   30     0     10   15     0
   106     38   35     0      9   14     0
   639     46   33     0     11   14     0
   939     48   31     0      7   13     0
