  node o_rank o_in o_out p_rank p_in p_out
     2      2  185  2019      1  122  1655
   109      9   84     0      2   57     0
     3     11   84  1823      3   50  1448
   123     16   67     0      4   46     0
   178     19   48     0      5   37     0
   223     20   63     0      7   39     0
    86     24   52     0      6   37     0
    72     26   42     0      9   29     0
   129     29   38     0      8   29     0
   184     33   44     0     10   27     0
  1642     37   28     0     13   20     0
   215     40   41     0     16   22     0
   165     41   38     0     14   25     0
    43     42   27     0     11   18     0
  1146     43   22     0     15   18     0
   110     45   30     0     12   21     0
    74     47   40     0     22   28     0
   939     48   31     0     17   23     0
   243     50   36     0     21   24     0
