  node o_rank o_in o_out p_rank p_in p_out
   102      4  695   937      1  450   717
   308      7  856   646      3  407   353
   127     10  850   947      2  489   673
   894     12  408   404     25  159   166
   353     17  812  1041      4  320   440
   396     24  638   792      7  316   435
   736     25  726   824      5  450   567
   138     26  537  1355     16  234   460
   165     27  610   547      6  368   400
  1164     34  736   480     12  289   226
   745     35  668   519      8  326   282
   131     36  633   873      9  325   514
  1387     45  765   396     11  356   233
    50     51  487   399     10  299   273
   374     57  802  1103     13  318   496
   205     58  458  1527     67  102   632
   830     66  595   502     17  250   206
   500     74  624   627     14  278   327
   126     77  470   365     23  201   184
   101     78  366   118     18  204   103
   892     87  420   362     30  188   171
    48     89  419   260     21  190   121
   116     90  435   278     19  238   199
