  node o_rank o_in o_out p_rank p_in p_out
   187      1  136    10      2   78    10
   182      2  201    10      3   76    10
   186      3  121    10      1   73    10
   192      4  142    10      6   74    10
   103      5  171    10     46   20    10
   204      6  148    10     11   63    10
   189      7  100    10      5   56    10
   215      8  175    10     34   50    10
  1647      9  375    10     60   48    10
   201     10   89    10     13   39    10
    82     12  136    10      7   55    10
   520     13  280    10     41   57    10
   107     14   92    10    508    6     3
   679     15  171    10     26   48    10
  1329     18  171    10     29   45    10
  3957     19  224    10      4  139    10
  1339     20  202    10     43   47    10
    91     21   83    10     10   43    10
   280     23  190    10     28   76    10
   214     24   79    10     37   39    10
  1332     25  123    10     31   34    10
   106     26   82    10    291   10     4
   668     27  156    10     49   49    10
    96     28  102    10     19   41    10
   191     30  155    10     27   28    10
    94     31  130    10     24   52    10
    90     32   84    10     17   41    10
   105     33   54    10    379    6     5
   188     35   63    10      8   30    10
   199     36  103    10     33   29    10
  1330     38   77    10     30   32    10
  1282     39   75    10     25   38    10
  1658     41  132    10     14   77    10
   680     42  101    10     81   25    10
   525     44  157    10    164   21    10
   193     45   48    10     16   25    10
  1237     46   95    10     54   33    10
  1659     47  116    10     18   58    10
   481     50  193    10   3612    7     9
   691     51  114    10     44   35    10
   194     53   41    10      9   17    10
  1233     54  108    10     69   30    10
   101     55  107    10     97   33    10
    79     56   59    10     57   30    10
  1340     57  150    10    200   30    10
  1341     58   91    10    102   31    10
    89     59   52    10     35   21    10
   197     60   36    10     23   20    10
   678     61   76    10    105   31    10
    84     62   97    10     40   29    10
  1670     63   92    10     20   55    10
  1236     64   66    10     64   26    10
   696     66  154    10    121   28    10
  1333     67   67    10    116   17     7
   519     68  126    10    163   34    10
   523     69  160    10    178   37    10
   518     70  108    10     87   54    10
    93     71   50    10     36   19    10
    85     72  100    10     59   30    10
   104     73   78    10    107   28    10
   225     75  153    10    671   23    10
   681     76   77    10    127   28    10
   527     77  123    10    193   29    10
  1227     78  109    10    547   16     9
   488     79  132    10    402   20    10
   537     80  111    10    421   12     6
    92     83   56    10     73   20    10
   971     84  133    10     21   65    10
    99     85   63    10     58   26    10
   221     86   76    10    158   19    10
  6707     87  161    10   3626    6     2
  1328     88   47    10     67   21    10
  1643     89  109    10    424   15    10
  4111     91  130     9     92   33     9
  4171     92  112    10     12   68    10
   524     94  104    10    113   44    10
    51     96   98    10     38   55    10
   110     97   46    10    558    5     5
  1660     98   68     9     42   26     9
  1649     99   78    10    181   22    10
   230    100   69    10    182   31    10
