  node o_rank o_in o_out p_rank p_in p_out
   129     11  129    10      3   66     8
   136     16  194    10     11   67     9
   155     17  171    10      4  117     6
   130     22   90    10      6   49     7
   144     34  227    10     54   63     9
   137     37  118    10     10   52     9
  2710     40  181    10     18  100    10
   135     49  106    10     28   53     9
   163     52  127    10      8   87     9
   151     65  148    10    182   25    10
  2718     81  119    10     45   65    10
   141     82  136    10     37   84     9
   152     90  121    10    223   25    10
