  node o_rank o_in o_out p_rank p_in p_out
   187      1  136    10      1  119    10
   182      2  201    10      2  136    10
   186      3  121    10      3  108    10
   192      4  142    10      4  124    10
   103      5  171    10      6  106    10
   204      6  148    10      8  124    10
   189      7  100    10      5   80    10
   215      8  175    10     16  139    10
  1647      9  375    10     22  212    10
   201     10   89    10      9   78    10
   129     11  129    10     48   74    10
    82     12  136    10      7   97    10
   520     13  280    10     44  143    10
   107     14   92    10     30   60    10
   679     15  171    10     14  125    10
   136     16  194    10    101   77    10
   155     17  171    10     47  112    10
  1329     18  171    10     21  122    10
  3957     19  224    10     40  136    10
  1339     20  202    10     28  136    10
    91     21   83    10     10   61    10
   130     22   90    10     74   60    10
   280     23  190    10     66   88    10
   214     24   79    10     31   64    10
  1332     25  123    10     20   96    10
   106     26   82    10     17   63    10
   668     27  156    10     18  135    10
    96     28  102    10     11   96    10
  1379     29  209    10    209   73    10
   191     30  155    10     27   82    10
    94     31  130    10     15  120    10
    90     32   84    10     12   74    10
   105     33   54    10     26   51    10
   144     34  227    10    426   45    10
   188     35   63    10     13   53    10
   199     36  103    10     32   74    10
   137     37  118    10    113   52    10
  1330     38   77    10     25   71    10
  1282     39   75    10     23   64    10
  2710     40  181    10    396   37    10
  1658     41  132    10     54   81    10
   680     42  101    10     34   85    10
  1396     43  162    10    674   30    10
   525     44  157    10    114   57    10
   193     45   48    10     24   40    10
  1237     46   95    10     37   76    10
  1659     47  116    10     59   74    10
  1385     48  123    10    493   37    10
   135     49  106    10    313   41    10
   481     50  193    10    160   99    10
   691     51  114    10     52   84    10
   163     52  127    10    100   77    10
   194     53   41    10     19   32    10
  1233     54  108    10     38   92    10
   101     55  107    10     42   96    10
    79     56   59    10     36   49    10
  1340     57  150    10     65  104    10
  1341     58   91    10     57   63    10
    89     59   52    10     29   50    10
   197     60   36    10     35   32    10
   678     61   76    10     45   66    10
    84     62   97    10     64   50    10
  1670     63   92    10     72   65    10
  1236     64   66    10     43   56    10
   151     65  148    10   1033   32    10
   696     66  154    10     68   94    10
  1333     67   67    10     49   54    10
   519     68  126    10    224   52    10
   523     69  160    10    283   49    10
   518     70  108    10    173   59    10
    93     71   50    10     33   43    10
    85     72  100    10     69   58    10
   104     73   78    10     51   73    10
   948     74  140    10    147   67    10
   225     75  153    10    136   96    10
   681     76   77    10     53   70    10
   527     77  123    10    205   56    10
  1227     78  109    10    125   56    10
   488     79  132    10    300   57    10
   537     80  111    10    145   61    10
  2718     81  119    10   1307   18     6
   141     82  136    10    740   32    10
    92     83   56    10     41   52    10
   971     84  133    10     96   79    10
    99     85   63    10     39   60    10
   221     86   76    10     82   44    10
  6707     87  161    10    162   74    10
  1328     88   47    10     50   35    10
  1643     89  109    10     63   90    10
   152     90  121    10   1686   24    10
  4111     91  130     9    197   62     9
  4171     92  112    10    110   67    10
   524     94  104    10    246   43    10
  6721     95  113    10     84   83    10
    51     96   98    10     60   85    10
   110     97   46    10     55   41    10
  1660     98   68     9     94   41     9
  1649     99   78    10    117   53    10
   230    100   69    10     97   60    10
