  node o_rank o_in o_out p_rank p_in p_out
  6523      5  816    17      1  802    17
 11366     10  798     3      2  798     3
 25115     34  603    21      4  602    21
 25116     36  471    12      3  465    12
 23655     40  360    14      5  353    14
  5814     46  430    14      6  425    14
 11815     64   16     3      7   16     3
 11830     68    8    11      8    8    11
  4586     71  227     3      9  220     3
  6535     82  316    10     12  304    10
  2756     83  176     5     10  165     5
  6530     91  290     7     11  283     7
