  node o_rank o_in o_out p_rank p_in p_out
  4963      6  662     2      2  622     2
   700      7  636     2      1  609     2
   695     23  485     8      3  480     8
   699     24  537    14      4  504    14
  6540     26  684     3      5  671     3
  9218     45   57     4      6   57     4
  9217     49    8     2      7    8     2
   697     55  437     6     10  424     6
 12858     58    1     1      8    1     1
 12859     59    1     3      9    1     3
  7786     70  302    24     11  294    24
  9562     77  316    10     12  307    10
 19048     99  212     7     13  212     7
