  node o_rank o_in o_out p_rank p_in p_out
 17388     16  544     3      1  538     3
  6518     21  779    29      2  774    29
 25121     25  704     0      4  688     0
  8672     29  580    17      3  560    17
  3786     39  407     5      7  396     5
 10143     50  479    16      5  479    16
 26085     57  485    15      6  483    15
 32817     63  417    17      8  413    17
 17395     67  119     1      9  119     1
 61847     72  406    15     10  406    15
 61849     81  402    15     11  402    15
 17393     84    2    10     12    2    10
  6520     90  289    10     15  283    10
  1255     96  251    11     13  247    11
 17394     98   18     3     14   18     3
