  node o_rank o_in o_out p_rank p_in p_out
  1647      9  375    10      3  330    10
    82     12  136    10      1  111    10
   679     15  171    10      2  162    10
   155     17  171    10     23   92     4
  1329     18  171    10      5  152    10
  3957     19  224    10     34  133     4
  1339     20  202    10     10  188    10
    91     21   83    10      4   69     9
  1332     25  123    10      8  110    10
   668     27  156    10      9  151    10
    96     28  102    10      6   91    10
    94     31  130    10     12  118    10
    90     32   84    10      7   80    10
  1330     38   77    10     11   71    10
  1282     39   75    10     13   60     9
  2710     40  181    10     47  109     8
  1658     41  132    10     16  125    10
   680     42  101    10     15   99    10
  1237     46   95    10     14   93    10
  1659     47  116    10     20  106     8
   135     49  106    10     79   63     5
   691     51  114    10     17  109    10
   163     52  127    10     27   89     5
  1233     54  108    10     19  104    10
   101     55  107    10     31  100    10
    79     56   59    10     18   57    10
  1340     57  150    10     42  132     9
  1341     58   91    10     28   91    10
    89     59   52    10     22   47    10
   678     61   76    10     25   73    10
    84     62   97    10     30   80     9
  1670     63   92    10     37   66     6
  1236     64   66    10     21   64    10
   696     66  154    10     29  149    10
  1333     67   67    10     32   54     9
    93     71   50    10     24   47    10
    85     72  100    10     26   92    10
   104     73   78    10     39   74    10
   948     74  140    10     40  137    10
   681     76   77    10     38   73    10
  1227     78  109    10     46  102    10
   141     82  136    10     53  102     8
    92     83   56    10     35   52    10
    99     85   63    10     36   53    10
  1328     88   47    10     33   46    10
  1643     89  109    10     44  103    10
  4111     91  130     9     43  129     9
  4171     92  112    10     48   93    10
 39139     93  179    10     52  179    10
  6721     95  113    10     85   81     8
    51     96   98    10     49   95    10
  1660     98   68     9     54   47     8
  1649     99   78    10     58   72    10
