  node o_rank o_in o_out p_rank p_in p_out
   187      1  136    10      1  129    10
   182      2  201    10      2  161    10
   186      3  121    10      3  117    10
   192      4  142    10      4  142    10
   103      5  171    10      8  105     8
   204      6  148    10      6  148    10
   189      7  100    10      5   89    10
   215      8  175    10      9  174    10
   201     10   89    10      7   82    10
   129     11  129    10     12  104     9
   520     13  280    10     11  277    10
   107     14   92    10     15   57     7
   136     16  194    10     14  173     9
   130     22   90    10     17   79     9
   280     23  190    10     18  185    10
   214     24   79    10     13   77    10
   106     26   82    10     22   61     9
  1379     29  209    10     21  189    10
   191     30  155    10     30   82     9
   105     33   54    10     24   39     8
   144     34  227    10     25  210     9
   188     35   63    10     10   60    10
   199     36  103    10     16  103    10
   137     37  118    10     26  100     9
  1396     43  162    10     27  151    10
   525     44  157    10     28  156    10
   193     45   48    10     20   47    10
  1385     48  123    10     29  115    10
   481     50  193    10     31  188    10
   194     53   41    10     19   40    10
   197     60   36    10     23   36    10
   151     65  148    10     32  146    10
   519     68  126    10     33  126    10
   523     69  160    10     35  158    10
   518     70  108    10     36  105    10
   225     75  153    10     44  151    10
   527     77  123    10     38  123    10
   488     79  132    10     41  127    10
   537     80  111    10     37  111    10
  2718     81  119    10     90   77     5
   971     84  133    10     62   83    10
   221     86   76    10     34   75    10
  6707     87  161    10     43  123     9
   152     90  121    10     40  119    10
   524     94  104    10     42  102    10
   110     97   46    10     39   41    10
   230    100   69    10     45   68    10
