  node o_rank o_in o_out p_rank p_in p_out
   695     23  485     8      2  348     8
  8672     29  580    17      1  530    14
 26085     57  485    15      3  484    15
  7786     70  302    24      5  291    24
 61847     72  406    15      4  406    15
  3938     73  223     2    419   30     0
 56543     75  273     3   9869    1     1
 61849     81  402    15      6  402    15
 34695     89  208    13    143   46    12
  7744     92  255    12    125   51    12
 19048     99  212     7      7  189     5
 36905    100   63    20      8   54    19
