  node o_rank o_in o_out p_rank p_in p_out
   700      7  636     2    230    9     2
 17388     16  544     3   7432    1     0
 25115     34  603    21   1455   16     0
 23655     40  360    14   1738    4     0
   233     42  327    12     68   22    12
 27211     54  211     3   7023    1     0
 12858     58    1     1    872    1     1
 12859     59    1     3    873    1     3
 12890     60  374    20      1  246    20
 30647     85  260     4      2  193     4
  1831     87  270    12      3  253    12
  1255     96  251    11     15   81    11
