  node o_rank o_in o_out p_rank p_in p_out
  6523      5  816    17      1  628    17
 11366     10  798     3      2  613     3
   799     19  746    10      6  316     3
   699     24  537    14      9  217    14
  4969     38  504    17     15  263    16
 24415     44  365    13     13  236    13
 89979     47  563   274      4  563   274
 89976     48  562   288      5  562   288
  4587     51  404    11     16  215    11
 27211     54  211     3      3  211     3
 11815     64   16     3     10   16     3
 11830     68    8    11     12    8    11
  7786     70  302    24     11  223    21
 89972     79  560     2      7  560     2
 89974     80  560   288      8  560   288
