  node o_rank o_in o_out p_rank p_in p_out
   700      7  636     2      1  327     2
   953     13  624     6      6  253     2
  1898     17  814    18      3  377    18
   695     23  485     8      2  300     7
 25116     36  471    12      5  283    10
   233     42  327    12     13  162    10
  5814     46  430    14     11  202     4
   398     53  412     9     10  214     7
 12858     58    1     1      7    1     1
 12859     59    1     3      8    1     2
 34695     89  208    13      9  206    13
  6520     90  289    10     12  251    10
 19048     99  212     7      4  187     6
