  node o_rank o_in o_out p_rank p_in p_out
  4963      6  662     2      2  427     1
  3912      8  772     5      1  594     4
   698     15  714    19      6  278    16
  6518     21  779    29      4  615    29
 25121     25  704     0     11  336     0
  9217     49    8     2      3    6     2
 10143     50  479    16      5  450    16
  2099     62  394    10     47  130     0
  3938     73  223     2      9  206     1
  3911     74  218     8      7  196     8
  9562     77  316    10     21  112     8
  2756     83  176     5      8   95     4
 30647     85  260     4    113   90     0
  6530     91  290     7     29  141     7
