  node o_rank o_in o_out p_rank p_in p_out
 25119     22  659     8      1  363     7
  6540     26  684     3     12  243     0
  5648     37  441     7      4  230     2
    42     41  309    17      2  176    12
  3265     43    6     2     15    4     2
  9218     45   57     4    594   43     1
  1232     52  463     1     21  171     1
 26085     57  485    15      3  380    15
 32817     63  417    17     25  180     0
 61847     72  406    15      5  339    15
  5287     78   80     8      9   51     8
 61849     81  402    15      6  335    15
    59     97  143     4      7  132     4
