  node o_rank o_in o_out p_rank p_in p_out
   187      1  136    10      1  109    10
   182      2  201    10      3   95     9
   186      3  121    10      2   85    10
   192      4  142    10      4  138    10
   204      6  148    10      6  146    10
   189      7  100    10      5   59     9
   215      8  175    10     11  171    10
   201     10   89    10      8   77     9
   520     13  280    10     15  274    10
   280     23  190    10     16  184    10
   214     24   79    10     14   78    10
   188     35   63    10      7   54    10
   199     36  103    10     13  103    10
   525     44  157    10     17  157    10
   193     45   48    10     10   44    10
   481     50  193    10     28  173    10
   194     53   41    10      9   39    10
   197     60   36    10     12   35    10
   519     68  126    10     23  123    10
   523     69  160    10     25  159    10
   518     70  108    10     22  104    10
   225     75  153    10     30  153    10
   527     77  123    10     26  122    10
   488     79  132    10     31  129    10
   537     80  111    10     21  111    10
   221     86   76    10     18   76    10
   524     94  104    10     24  103    10
   230    100   69    10     32   64    10
