  node o_rank o_in o_out p_rank p_in p_out
    82     12  136    10      5   65    10
  1329     18  171    10      2  167    10
  1339     20  202    10      6  198    10
    91     21   83    10     12   40     9
  1332     25  123    10      1  119    10
    96     28  102    10     11   74    10
  1379     29  209    10      3  209    10
    94     31  130    10     14  115    10
    90     32   84    10      9   69    10
  1330     38   77    10      4   72    10
  1282     39   75    10      7   59     9
  1396     43  162    10     10  162    10
  1385     48  123    10      8  123    10
   101     55  107    10     31   95    10
  1340     57  150    10     20  149    10
  1341     58   91    10     16   90    10
    89     59   52    10     17   52    10
  1333     67   67    10     13   65    10
    93     71   50    10     18   39    10
   104     73   78    10     36   68    10
    92     83   56    10     27   45    10
    99     85   63    10     24   49    10
  1328     88   47    10     15   46    10
 39139     93  179    10     37  179    10
