  node o_rank o_in o_out p_rank p_in p_out
   103      5  171    10      1   81    10
   129     11  129    10      4  124    10
   107     14   92    10      2   88    10
   136     16  194    10      8  193    10
   155     17  171    10      6  169    10
   130     22   90    10      5   88    10
   106     26   82    10      7   40     5
   105     33   54    10      3   47     9
   144     34  227    10     13  227    10
   137     37  118    10      9  117    10
  2710     40  181    10     14  178    10
   135     49  106    10     15  106    10
   163     52  127    10     16  126    10
   151     65  148    10     25  148    10
  2718     81  119    10     19  119    10
   141     82  136    10     23  134    10
   152     90  121    10     31  121    10
   110     97   46    10     10   39    10
