  node o_rank o_in o_out p_rank p_in p_out
  1647      9  375    10      2  333    10
   679     15  171    10      1  156    10
   668     27  156    10      4  130    10
  1658     41  132    10      5  130    10
   680     42  101    10     10   75    10
  1237     46   95    10      3   95    10
  1659     47  116    10      7  110    10
  1233     54  108    10      6  102    10
    79     56   59    10      9   48     8
   678     61   76    10     13   72    10
  1670     63   92    10     11   90    10
  1236     64   66    10      8   60    10
   681     76   77    10     15   65     9
  1227     78  109    10     25  107    10
  1643     89  109    10     26  106     9
    51     96   98    10     14   96    10
  1660     98   68     9     19   35     8
  1649     99   78    10     30   69    10
