  node o_rank o_in o_out p_rank p_in p_out
   104      3   32     0      1   23     0
   930      4   36     0      2   26     0
  3080      5   20     4      3   15     2
  1920      7   30     0      4   20     0
 20238      9    2     9      5    2     6
  5215     10   24     1      7   19     1
  2260     11   14     0    114   10     0
   430     12    6     0     23    5     0
   681     13   32     5      6   23     3
   371     15   27     0      9   21     0
  3790     16   10    10     11    7    10
   984     18   22     7     13   15     4
  2049     21   19    23     14   14    12
  8475     22    3     0     10    3     0
  7776     23   27    13     16   21    13
  2503     26   19     0      8   17     0
