  node o_rank o_in o_out p_rank p_in p_out
     4      1  204     0      1  165     0
    14      3  144     0      2  102     0
     8      5  102     0      3   80     0
   101      6   95     0      7   70     0
    61      7   79     0      5   60     0
    19      8   93     0      6   69     0
   109      9   84     0      4   65     0
    59     10   68     0      8   56     0
     3     11   84  1823      9   65  1475
   159     12   67     0     11   46     0
    24     14   64     0     13   50     0
    32     15   72     0     12   53     0
   123     16   67     0     10   46     0
   107     17   64     0     17   51     0
   131     18   62     0     21   49     0
   178     19   48     0     14   39     0
   223     20   63     0     15   48     0
    63     21   56     0     16   42     0
   302     22   43     0     18   32     0
   319     23   43     0     19   35     0
    86     24   52     0     23   41     0
    49     25   64     0     22   52     0
    72     26   42     0     20   35     0
   253     27   50     0     25   42     0
   689     28   43     0     24   37     0
   129     29   38     0     28   31     0
    13     30   41   244     34   30   199
    35     31   47     0     26   36     0
   479     32   41     0     35   29     0
   184     33   44     0     30   30     0
  1890     34   30     0     39   22     0
   374     35   35     0     27   29     0
   106     38   35     0     31   29     0
   215     40   41     0     37   30     0
   165     41   38     0     32   29     0
    43     42   27     0     29   23     0
  1146     43   22     0     33   18     0
    54     44   33     0     46   22     0
   110     45   30     0     36   24     0
    74     47   40     0     45   32     0
   939     48   31     0     41   23     0
     6     49   25     0     42   19     0
   243     50   36     0     50   25     0
