  node o_rank o_in o_out p_rank p_in p_out
   189      1  355     0      1   93     0
   218      2   45     0     48    6     0
   104      3   32     0    304    6     0
   930      4   36     0    193    8     0
  3080      5   20     4    678    3     4
  2687      6   36     0    876    2     0
  3768      8   22     4     10    6     1
  5215     10   24     1    743    3     0
   430     12    6     0    119    2     0
  2637     14   19     6    277    4     6
   371     15   27     0     32    3     0
  3790     16   10    10    387    2     0
   984     18   22     7    149    5     2
  1317     19   24     0      5    7     0
  4650     20   20     2    914    3     0
  2049     21   19    23    173    3     6
  7776     23   27    13     23    7    13
   499     24    5     0     35    3     0
   574     25   11    10     72    5    10
  2503     26   19     0    750    2     0
