  node o_rank o_in o_out p_rank p_in p_out
  4584      1 1234    28      1 1155    25
  1084      4 1243    49      2 1043    49
   700      7  636     2      5  402     2
  3912      8  772     5      3  665     4
  6259      9  837     9      4  657     9
  3507     12  671    20      6  482    18
   698     15  714    19      7  489    19
  1934     18  786    18     16  474    18
   799     19  746    10     15  407     7
  2436     20  632     0     11  568     0
  6518     21  779    29      8  657    29
 25121     25  704     0     30  388     0
  4597     27  657    25      9  657    25
  8672     29  580    17     13  476    17
  4770     30  503    11     14  290     3
  4613     32  679     5     10  679     5
  4590     33  634     5     12  634     5
  6533     35  539     0     25  461     0
 25116     36  471    12     27  319    12
  5648     37  441     7     20  392     6
  4969     38  504    17     26  418    17
  3786     39  407     5     21  366     5
    42     41  309    17     18  266    15
   233     42  327    12     32  249    12
  3265     43    6     2     23    3     2
 24415     44  365    13     29  275    12
  5814     46  430    14     19  405    14
 10143     50  479    16     22  453    16
  1232     52  463     1     44  305     1
 27211     54  211     3     17  211     3
  4585     56  322    17     50  239    15
 26085     57  485    15     24  454    15
 12858     58    1     1     38    1     1
 12859     59    1     3     39    1     2
 12890     60  374    20     54  241    18
  6526     61  343     6     47  285     6
  2099     62  394    10     69  210    10
  6527     65  333     1     58  250     1
  6274     66  242     4     33  237     4
 17395     67  119     1    350   69     0
  6273     69  218     7     37  215     7
  7786     70  302    24     48  269    20
  4586     71  227     3     35  217     3
 61847     72  406    15     36  406    15
  3938     73  223     2     46  205     2
  3911     74  218     8     31  214     8
  2714     76  140     2     28  114     1
  5287     78   80     8     40   75     2
 61849     81  402    15     42  402    15
  6535     82  316    10     57  274     7
 17393     84    2    10  49444    0     5
 30647     85  260     4     49  257     4
 16422     88    1     1     63    1     1
  6520     90  289    10     41  146     1
  6530     91  290     7     66  214     7
  7744     92  255    12     81  166    11
  6277     93  170     6     56  168     6
 16423     95    2     4     74    1     4
    59     97  143     4     52  142     4
