  node o_rank o_in o_out p_rank p_in p_out
   189      1  355     0      1   99     0
   218      2   45     0    289    6     0
   104      3   32     0      4    7     0
   930      4   36     0      2    8     0
  3080      5   20     4    320    4     0
  2687      6   36     0     86    6     0
  3768      8   22     4    147    5     1
 20238      9    2     9     13    1     4
  5215     10   24     1     26    5     1
  2260     11   14     0    122    3     0
   430     12    6     0     49    4     0
   681     13   32     5   1890    2     5
  2637     14   19     6    685    3     1
   371     15   27     0    141    6     0
  3790     16   10    10    862    2    10
   434     17   11     4    197    2     0
   984     18   22     7    234    5     7
   574     25   11    10    329    3     1
  2503     26   19     0     78    3     0
