  node o_rank o_in o_out p_rank p_in p_out
   679     15  171    10      1   85     7
  1329     18  171    10      3  141    10
  1339     20  202    10      5  167     9
  1332     25  123    10      2  106    10
  1330     38   77    10      4   67    10
  1282     39   75    10      6   47     9
  1396     43  162    10     10  101     8
  1237     46   95    10      9   44     1
  1385     48  123    10      8   71     8
  1340     57  150    10     21  114     9
  1341     58   91    10     11   79    10
  1333     67   67    10     13   46    10
  1227     78  109    10     56   53     9
   971     84  133    10     41   70     8
  1328     88   47    10     15   36     9
  4111     91  130     9      7  128     9
 39139     93  179    10     12  172    10
