  node o_rank o_in o_out p_rank p_in p_out
   129     11  129    10     14   36     3
   520     13  280    10      1  211     9
  3957     19  224    10      3  145     9
   130     22   90    10     21   32     3
   280     23  190    10      2  145     6
  1658     41  132    10     10   85     8
   525     44  157    10      4  125    10
  1659     47  116    10     13   73     6
   691     51  114    10      5   76     8
    84     62   97    10     15   40     7
   696     66  154    10     17   88    10
   519     68  126    10      9  113    10
   523     69  160    10     11  146    10
   518     70  108    10      6   84    10
    85     72  100    10     12   60     9
   527     77  123    10     16  111     9
   488     79  132    10     36   70     3
   537     80  111    10      8  104    10
  6707     87  161    10    176   46     0
   524     94  104    10      7   83     9
   110     97   46    10     68   20     2
  1649     99   78    10     86   32     7
