  node o_rank o_in o_out p_rank p_in p_out
    82     12  136    10      1   70     9
    91     21   83    10      2   48     9
    96     28  102    10      3   79    10
  1379     29  209    10     15  113     3
    94     31  130    10      5  119    10
    90     32   84    10      4   64    10
   101     55  107    10     11   96    10
    79     56   59    10     21   28     5
    89     59   52    10      6   50    10
   678     61   76    10     42   31     4
    93     71   50    10      7   38    10
   104     73   78    10     13   71     9
   948     74  140    10     14  126    10
   681     76   77    10     31   44     8
    92     83   56    10      9   47     8
    99     85   63    10      8   46    10
  6721     95  113    10     19   82     8
