  node o_rank o_in o_out p_rank p_in p_out
   187      1  136    10      1  110    10
   182      2  201    10      3   98    10
   186      3  121    10      2   96    10
   192      4  142    10      4  138    10
   204      6  148    10      6  144    10
   189      7  100    10      5   65    10
   215      8  175    10     12  159    10
  1647      9  375    10     20  117     5
   201     10   89    10      9   70    10
   136     16  194    10      8  124     6
   214     24   79    10     16   74    10
   191     30  155    10     21   29     7
   144     34  227    10     15  163     7
   188     35   63    10      7   50    10
   199     36  103    10     14   99    10
   137     37  118    10     23   49     1
   193     45   48    10     11   40    10
   135     49  106    10     19   59     5
   481     50  193    10     66  106    10
   194     53   41    10     10   35    10
   197     60   36    10     13   36    10
   151     65  148    10     18  108     5
   225     75  153    10     26  145    10
   221     86   76    10     24   70    10
   152     90  121    10     17  100     8
   230    100   69    10     35   51    10
