  node o_rank o_in o_out p_rank p_in p_out
   189      1  355     0      1  104     0
   218      2   45     0    116    7     0
   104      3   32     0     25    6     0
   930      4   36     0     29    7     0
  3080      5   20     4    812    3     0
  2687      6   36     0    785    3     0
  1920      7   30     0      3   10     0
  3768      8   22     4     45    6     1
 20238      9    2     9     92    2     9
  5215     10   24     1    329    5     1
  2260     11   14     0    102    6     0
   430     12    6     0     41    2     0
   681     13   32     5    181    5     5
  2637     14   19     6     40    8     0
   371     15   27     0    287    5     0
   434     17   11     4     44    6     4
   984     18   22     7    111    4     7
  1317     19   24     0     75    6     0
  4650     20   20     2    367    3     0
  2049     21   19    23    758    3     5
  7776     23   27    13    149    5    13
   499     24    5     0     23    2     0
  2503     26   19     0    214    5     0
