  node o_rank o_in o_out p_rank p_in p_out
   187      1  136    10      1  110    10
   182      2  201    10      3  102    10
   186      3  121    10      2   88    10
   192      4  142    10      4  135    10
   204      6  148    10      7  140    10
   189      7  100    10      5   67    10
   215      8  175    10     16  146    10
   201     10   89    10      9   71    10
    82     12  136    10      6   73     9
    91     21   83    10     10   49     9
   214     24   79    10     21   73    10
    96     28  102    10     11   84    10
   191     30  155    10     27   40     7
    94     31  130    10     14  103    10
    90     32   84    10      8   76    10
   188     35   63    10     12   51    10
   199     36  103    10     18   99    10
   193     45   48    10     15   36    10
   194     53   41    10     13   40    10
   101     55  107    10     24   95    10
    89     59   52    10     17   47    10
   197     60   36    10     20   35    10
    93     71   50    10     19   38    10
   104     73   78    10     26   65     9
   225     75  153    10     34  140    10
    92     83   56    10     23   43     9
    99     85   63    10     22   53    10
   221     86   76    10     30   69    10
  1643     89  109    10     38   63     5
   230    100   69    10     47   49    10
