  node o_rank o_in o_out p_rank p_in p_out
   679     15  171    10      1  112     7
  1329     18  171    10      2  151    10
  1339     20  202    10      4  178    10
  1332     25  123    10      3  100    10
   668     27  156    10      5  114     9
  1330     38   77    10      7   59    10
  1282     39   75    10      6   48     9
  1237     46   95    10      9   54     4
    79     56   59    10      8   37     7
  1340     57  150    10     16  135    10
  1341     58   91    10     11   75    10
   678     61   76    10     15   51     8
  1333     67   67    10     14   42     7
   681     76   77    10     26   40     4
  1227     78  109    10     25   73     9
   971     84  133    10     33   61     8
  1328     88   47    10     12   34     9
