  node o_rank o_in o_out p_rank p_in p_out
   520     13  280    10      1  230     7
   280     23  190    10      2  160     6
   525     44  157    10      4  126     8
   481     50  193    10     11   94     1
   519     68  126    10      8  119    10
   523     69  160    10     13  157    10
   518     70  108    10      5   95    10
   948     74  140    10     12  128    10
   527     77  123    10     14  117     9
   488     79  132    10      7  106     6
   537     80  111    10     10  100    10
  4171     92  112    10     53   46     7
   524     94  104    10      6   88     9
