  node o_rank o_in o_out p_rank p_in p_out
   129     11  129    10      2   80     5
   136     16  194    10      1  167     9
   130     22   90    10      3   48     4
  1379     29  209    10      6  174    10
   144     34  227    10      5  196     9
   137     37  118    10      4   77     8
  1396     43  162    10     13   82    10
  1385     48  123    10     14   75    10
   135     49  106    10      7   71     7
   151     65  148    10      9  128    10
   152     90  121    10     12  116    10
