  node o_rank o_in o_out p_rank p_in p_out
   189      1  355     0      1  214     0
   218      2   45     0      2   31     0
  3080      5   20     4      6   14     3
  1920      7   30     0      8   18     0
  3768      8   22     4      4   13     1
  5215     10   24     1      9   16     0
  2260     11   14     0      7   10     0
   430     12    6     0    658    5     0
  2637     14   19     6     16   12     5
  3790     16   10    10     77    4     9
   984     18   22     7     13   12     5
  1317     19   24     0     23   15     0
  4650     20   20     2     47   13     2
  8475     22    3     0    640    2     0
  7776     23   27    13     10   19    10
  2503     26   19     0     11   16     0
