  node o_rank o_in o_out p_rank p_in p_out
   187      1  136    10      1  101    10
   182      2  201    10      3   95     9
   186      3  121    10      2   88    10
   192      4  142    10      4  130    10
   103      5  171    10      9   63     7
   204      6  148    10      6  133    10
   189      7  100    10      5   67     9
   215      8  175    10     13  136    10
   201     10   89    10     10   56     9
   129     11  129    10     12   95     7
   107     14   92    10      7   68     9
   136     16  194    10     19  160     9
   130     22   90    10     20   53     9
   214     24   79    10     16   73    10
   106     26   82    10     17   49     9
   105     33   54    10     21   30     8
   144     34  227    10     25  186     9
   188     35   63    10      8   47    10
   199     36  103    10     14   98    10
   137     37  118    10     22   92     9
  1396     43  162    10     30   94     9
   193     45   48    10     15   30    10
  1385     48  123    10     27   70     9
   194     53   41    10     11   33    10
   197     60   36    10     18   33    10
   151     65  148    10     28  135    10
   225     75  153    10     39  136    10
  2718     81  119    10     82   56     4
   221     86   76    10     26   73    10
   152     90  121    10     36  109    10
  4171     92  112    10     46   63     8
   230    100   69    10     41   54    10
