  node o_rank o_in o_out p_rank p_in p_out
   679     15  171    10      1  113    10
  3957     19  224    10      5  143     8
  2710     40  181    10      7  125     8
  1237     46   95    10      2   77     7
   691     51  114    10      3  103    10
  1233     54  108    10      4   77     8
    84     62   97    10      9   56     9
  1236     64   66    10      6   42     7
   696     66  154    10     10  114    10
    85     72  100    10      8   70    10
  1227     78  109    10     29   77     9
   141     82  136    10     19   88     7
   971     84  133    10     14   88    10
  6707     87  161    10     79   68     2
    51     96   98    10     11   84    10
