  node o_rank o_in o_out p_rank p_in p_out
   520     13  280    10      2  157     2
  1329     18  171    10      1  152    10
  1339     20  202    10      5  180     9
  1332     25  123    10      3  108    10
  1330     38   77    10      4   64    10
  1282     39   75    10      6   48     9
  1658     41  132    10      8  114     8
  1659     47  116    10      9  101    10
   481     50  193    10     54   72     0
  1340     57  150    10     16  137    10
  1341     58   91    10     11   78    10
  1670     63   92    10     10   82    10
  1333     67   67    10     12   45     8
   519     68  126    10     15  111    10
   523     69  160    10     17  147    10
   518     70  108    10     25   79     7
   527     77  123    10     21  103     9
   488     79  132    10     24   99     6
  1328     88   47    10     13   39     9
  4111     91  130     9     19  117     9
  1660     98   68     9     33   19     5
  1649     99   78    10    124   29     7
