  node o_rank o_in o_out p_rank p_in p_out
    82     12  136    10      1   63     9
    91     21   83    10      2   47     9
    96     28  102    10      4   76    10
   191     30  155    10     61   27     0
    94     31  130    10      5  117    10
    90     32   84    10      3   75    10
   101     55  107    10     11   98    10
    79     56   59    10     22   28     5
    89     59   52    10      6   45    10
    93     71   50    10      7   36    10
   104     73   78    10     12   71     9
   681     76   77    10     16   44     7
    92     83   56    10      9   45     9
    99     85   63    10      8   44    10
