  node o_rank o_in o_out p_rank p_in p_out
     4      1  204     0      1  148     0
     2      2  185  2019      2  139  1682
    14      3  144     0      3   97     0
   101      6   95     0      5   70     0
   109      9   84     0      4   62     0
    59     10   68     0      6   48     0
   159     12   67     0      9   45     0
    24     14   64     0      7   49     0
   123     16   67     0      8   45     0
   302     22   43     0     13   26     0
   319     23   43     0     10   29     0
    49     25   64     0     16   40     0
    72     26   42     0     12   31     0
   253     27   50     0     19   30     0
   129     29   38     0     14   28     0
    35     31   47     0     17   32     0
   479     32   41     0     11   31     0
   374     35   35     0     18   26     0
   106     38   35     0     21   27     0
   165     41   38     0     20   26     0
   110     45   30     0     15   23     0
   639     46   33     0     22   21     0
    74     47   40     0     23   27     0
   243     50   36     0     32   24     0
