  node o_rank o_in o_out p_rank p_in p_out
   187      1  136    10      1  122    10
   182      2  201    10      2  138    10
   186      3  121    10      3  112    10
   192      4  142    10      4  135    10
   103      5  171    10      7  105    10
   204      6  148    10      6  136    10
   189      7  100    10      5   85    10
   215      8  175    10     10  150    10
  1647      9  375    10      9  308    10
   201     10   89    10      8   78    10
   129     11  129    10     38   87    10
    82     12  136    10     12   88    10
   520     13  280    10     15  219    10
   107     14   92    10     24   63    10
   679     15  171    10     11  141    10
   136     16  194    10     92   86    10
   155     17  171    10     47  113    10
  1329     18  171    10     44   94    10
  3957     19  224    10     14  201    10
  1339     20  202    10     54  108    10
    91     21   83    10     16   58    10
   130     22   90    10     68   57    10
   280     23  190    10     35  132    10
   214     24   79    10     18   73    10
  1332     25  123    10     45   74    10
   106     26   82    10     26   67    10
   668     27  156    10     17  136    10
    96     28  102    10     21   85    10
  1379     29  209    10   3414   11     1
   191     30  155    10     32   75    10
    94     31  130    10     28   99    10
    90     32   84    10     23   67    10
   105     33   54    10     27   51    10
   144     34  227    10    266   66    10
   188     35   63    10     13   55    10
   199     36  103    10     19   91    10
   137     37  118    10    106   62    10
  1330     38   77    10     50   60    10
  1282     39   75    10     43   62    10
  2710     40  181    10    104   99    10
  1658     41  132    10     33  112    10
   680     42  101    10     30   88    10
   525     44  157    10     57  100    10
   193     45   48    10     22   47    10
  1237     46   95    10     29   83    10
  1659     47  116    10     36   95    10
   135     49  106    10    202   51    10
   481     50  193    10    103  115    10
   691     51  114    10     25  108    10
   163     52  127    10    136   69    10
   194     53   41    10     20   35    10
  1233     54  108    10     34   97    10
   101     55  107    10     60   82    10
    79     56   59    10     39   49    10
  1340     57  150    10    117   89    10
  1341     58   91    10    122   45    10
    89     59   52    10     49   44    10
   197     60   36    10     31   34    10
   678     61   76    10     53   64    10
    84     62   97    10     37   82    10
  1670     63   92    10     46   84    10
  1236     64   66    10     41   57    10
   151     65  148    10    937   32    10
   696     66  154    10     42  144    10
  1333     67   67    10    109   44    10
   519     68  126    10     89   86    10
   523     69  160    10     93  105    10
   518     70  108    10     84   80    10
    93     71   50    10     52   43    10
    85     72  100    10     40   96    10
   104     73   78    10     75   60    10
   948     74  140    10     48  138    10
   225     75  153    10    101  118    10
   681     76   77    10     56   73    10
   527     77  123    10     95   91    10
  1227     78  109    10     64   89    10
   488     79  132    10    118   85    10
   537     80  111    10     81   87    10
  2718     81  119    10    209   64    10
   141     82  136    10    181   75    10
    92     83   56    10     67   51    10
   971     84  133    10     51  129    10
    99     85   63    10     59   50    10
   221     86   76    10     66   62    10
  6707     87  161    10     69  132    10
  1328     88   47    10     99   29    10
  1643     89  109    10    102   73    10
   152     90  121    10    979   37    10
  4111     91  130     9     70  102     9
  4171     92  112    10     58   96    10
   524     94  104    10    126   72    10
  6721     95  113    10    108   75    10
    51     96   98    10     55   93    10
   110     97   46    10     83   37    10
  1660     98   68     9     71   44     9
  1649     99   78    10     74   65    10
   230    100   69    10     94   63    10
