  node o_rank o_in o_out p_rank p_in p_out
   103      5  171    10      1  112    10
   129     11  129    10      3  114     9
    82     12  136    10      2  108     9
   107     14   92    10      5   75     8
   679     15  171    10      6  141    10
   136     16  194    10     10  179    10
   155     17  171    10      8  157    10
  3957     19  224    10     19  167     7
    91     21   83    10      4   69    10
   130     22   90    10     11   83    10
   106     26   82    10     14   55     9
   668     27  156    10     13  141    10
    96     28  102    10      7   92    10
    94     31  130    10     12  118    10
    90     32   84    10      9   69    10
   105     33   54    10     16   36     8
   144     34  227    10     17  216    10
   137     37  118    10     15  109    10
   680     42  101    10     22   83    10
  1396     43  162    10     49  108     8
  1237     46   95    10     21   87     9
  1385     48  123    10     42   79     8
   135     49  106    10     40   82     8
   163     52  127    10     25  123     9
  1233     54  108    10     23  101    10
   101     55  107    10     24  104    10
    79     56   59    10     29   53     9
    89     59   52    10     18   51    10
   678     61   76    10     36   65     9
  1236     64   66    10     28   63    10
   151     65  148    10     41  133    10
   519     68  126    10     26  105     9
   523     69  160    10     32  146    10
   518     70  108    10     34   74     6
    93     71   50    10     20   49    10
   104     73   78    10     31   75     9
   681     76   77    10     38   74     9
   527     77  123    10     46   79     8
  1227     78  109    10    102   80     9
   488     79  132    10     33   96     4
    92     83   56    10     27   52    10
   971     84  133    10     62   93    10
    99     85   63    10     30   59    10
   152     90  121    10     51  115    10
    51     96   98    10     37   97    10
   110     97   46    10     39   40    10
  1660     98   68     9    739   40     3
