  node o_rank o_in o_out p_rank p_in p_out
   187      1  136    10      2  127    10
   182      2  201    10      1  160    10
   186      3  121    10      3  110    10
   192      4  142    10      4  141    10
   204      6  148    10      6  147    10
   189      7  100    10      5   89    10
   215      8  175    10      8  167    10
  1647      9  375    10     10  292     9
   201     10   89    10      7   83    10
   520     13  280    10     20  210    10
  1329     18  171    10     13  162    10
  1339     20  202    10     17  190    10
   280     23  190    10     18  179     9
   214     24   79    10     11   77    10
  1332     25  123    10     14  116    10
  1379     29  209    10     29  161     3
   191     30  155    10     19   89     9
   188     35   63    10      9   59    10
   199     36  103    10     12  103    10
  1330     38   77    10     21   67    10
  1282     39   75    10     23   55    10
  2710     40  181    10     25  166    10
  1658     41  132    10     26  123     9
   525     44  157    10     33  142    10
   193     45   48    10     16   47    10
  1659     47  116    10     27  103     9
   481     50  193    10     66  130    10
   691     51  114    10     24  106    10
   194     53   41    10     15   40    10
  1340     57  150    10     38  142    10
  1341     58   91    10     35   90    10
   197     60   36    10     22   36    10
    84     62   97    10     31   77    10
  1670     63   92    10     36   84     9
   696     66  154    10     30  150    10
  1333     67   67    10     32   60     9
    85     72  100    10     34   89     9
   948     74  140    10     39  137    10
   225     75  153    10     48  150    10
   537     80  111    10     41  108    10
  2718     81  119    10     45  104    10
   141     82  136    10     55  108     7
   221     86   76    10     37   75    10
  6707     87  161    10     43  129     9
  1328     88   47    10     51   35     9
  1643     89  109    10     86   69     5
  4111     91  130     9     40  129     9
  4171     92  112    10     59   96     9
 39139     93  179    10     47  171    10
   524     94  104    10     53   99     9
  6721     95  113    10     46   97    10
  1649     99   78    10     58   53     9
   230    100   69    10     64   61    10
