  node o_rank o_in o_out p_rank p_in p_out
   103      5  171    10      1  106     8
   129     11  129    10      2  127     9
   107     14   92    10      3   86     9
   136     16  194    10      4  190    10
   155     17  171    10      9  136    10
  3957     19  224    10      6  199    10
   130     22   90    10      5   89    10
   106     26   82    10      8   63    10
   105     33   54    10      7   47     9
   144     34  227    10     11  219    10
   137     37  118    10     10  114    10
  2710     40  181    10     20  155     9
  1658     41  132    10     19  108     6
  1659     47  116    10     18   96    10
   135     49  106    10     16  100    10
   691     51  114    10     12  111    10
   163     52  127    10     40   84     7
    84     62   97    10     13   81    10
  1670     63   92    10     14   87    10
   151     65  148    10     22  146    10
   696     66  154    10     15  146    10
    85     72  100    10     17   91    10
  2718     81  119    10     26  119    10
   141     82  136    10     45  109     9
   971     84  133    10     37   95     9
  6707     87  161    10     70  114     3
   152     90  121    10     28  116    10
  4171     92  112    10     25  112    10
  6721     95  113    10     21  108    10
    51     96   98    10     42   73     8
   110     97   46    10     34   36     9
  1660     98   68     9     41   43     7
