  node o_rank o_in o_out p_rank p_in p_out
   187      1  136    10      1  127    10
   182      2  201    10      2  156    10
   186      3  121    10      3  109    10
   192      4  142    10      4  140    10
   204      6  148    10      6  144    10
   189      7  100    10      5   92    10
   215      8  175    10      8  168    10
  1647      9  375    10     11  279    10
   201     10   89    10      7   80    10
    82     12  136    10     10  102    10
   520     13  280    10     12  275    10
   679     15  171    10      9  155    10
  1329     18  171    10     14  164    10
  1339     20  202    10     18  196    10
    91     21   83    10     16   69     9
   280     23  190    10     21  188    10
   214     24   79    10     17   78    10
  1332     25  123    10     15  122    10
   668     27  156    10     26  138     9
    96     28  102    10     23   82    10
  1379     29  209    10     29  182    10
   191     30  155    10     30   98     9
    94     31  130    10     27  122    10
    90     32   84    10     20   79    10
   188     35   63    10     13   58    10
   199     36  103    10     19  103    10
  1330     38   77    10     22   77    10
  1282     39   75    10     24   68    10
   680     42  101    10     39   69    10
  1396     43  162    10     34  153    10
   525     44  157    10     35  152    10
   193     45   48    10     28   46    10
  1237     46   95    10     31   87     9
  1385     48  123    10     38  108    10
   481     50  193    10     72  164    10
   194     53   41    10     25   39    10
  1233     54  108    10     36   94    10
   101     55  107    10     46   98    10
    79     56   59    10     33   52     9
  1340     57  150    10     45  146    10
  1341     58   91    10     42   90    10
    89     59   52    10     37   50    10
   197     60   36    10     32   36    10
   678     61   76    10     47   68     9
  1236     64   66    10     41   58     9
  1333     67   67    10     40   66    10
   519     68  126    10     54  124    10
   523     69  160    10     58  157    10
   518     70  108    10     51  104    10
    93     71   50    10     43   45    10
   104     73   78    10     55   73    10
   948     74  140    10     49  124     9
   225     75  153    10     66  152    10
   681     76   77    10     71   55     8
   527     77  123    10     65  118    10
  1227     78  109    10     60  101    10
   488     79  132    10     62  132    10
   537     80  111    10     52  109    10
    92     83   56    10     53   51    10
    99     85   63    10     50   53    10
   221     86   76    10     59   73    10
  1328     88   47    10     44   46    10
  1643     89  109    10     56  102    10
  4111     91  130     9     57  125     9
 39139     93  179    10     68  168    10
   524     94  104    10     63  100    10
  1649     99   78    10     75   53     7
   230    100   69    10     70   67    10
