  node o_rank o_in o_out p_rank p_in p_out
   189      1  355     0      1  256     0
   218      2   45     0      2   28     0
   104      3   32     0     20   16     0
   930      4   36     0     11   20     0
  3080      5   20     4      7   12     4
  2687      6   36     0     14   17     0
  1920      7   30     0     21   14     0
  3768      8   22     4      6   14     4
 20238      9    2     9    101    1     4
  5215     10   24     1    299   10     1
  2260     11   14     0      4   11     0
   430     12    6     0      3    6     0
   681     13   32     5     89   16     5
  2637     14   19     6     19   12     6
   371     15   27     0    110   13     0
  3790     16   10    10      9    7    10
   434     17   11     4      5    9     4
   984     18   22     7    594    9     7
  1317     19   24     0     43   17     0
  4650     20   20     2    396    8     0
  2049     21   19    23    372   10    23
  8475     22    3     0     18    2     0
  7776     23   27    13     13   18    13
   499     24    5     0     46    3     0
   574     25   11    10     15   10    10
  2503     26   19     0     17   12     0
