  node o_rank o_in o_out p_rank p_in p_out
  6538     14  592     9      3  313     7
  1898     17  814    18      2  427    18
  6518     21  779    29      1  585    29
 25116     36  471    12     39  160     0
  5648     37  441     7      6  274     6
  3786     39  407     5      7  241     4
    42     41  309    17      4  244    15
 10143     50  479    16      5  394    16
 32817     63  417    17     51  156     0
  2756     83  176     5     12  114     5
  6520     90  289    10     10  244    10
  1255     96  251    11     14  193    11
    59     97  143     4      8  142     4
