  node o_rank o_in o_out p_rank p_in p_out
   218      2   45     0      1   29     0
   104      3   32     0      2   27     0
  2687      6   36     0      8   21     0
  3768      8   22     4      3   14     2
 20238      9    2     9      5    2     5
  5215     10   24     1      6   17     1
  2260     11   14     0     10   10     0
   430     12    6     0     14    6     0
   681     13   32     5     18   18     3
   434     17   11     4      9    8     3
   984     18   22     7      4   18     5
  4650     20   20     2     12   14     1
  2049     21   19    23     17   15    18
  8475     22    3     0     15    3     0
  7776     23   27    13     32   18    11
   499     24    5     0     11    4     0
