  node o_rank o_in o_out p_rank p_in p_out
    14      3  144     0      1   20     0
   123     16   67     0    101    6     0
   223     20   63     0      3    8     0
   319     23   43     0   1447    2     0
   129     29   38     0     54    4     0
    13     30   41   244     67    4   212
   184     33   44     0      2    6     0
   374     35   35     0    122    3     0
    41     36   37     0     59    6     0
    43     42   27     0     66    4     0
    74     47   40     0      5    7     0
