  node o_rank o_in o_out p_rank p_in p_out
   129     11  129    10      3   61     8
   136     16  194    10     12   64     9
   155     17  171    10      5   65     7
   130     22   90    10      9   40     7
   144     34  227    10     55   60     9
   137     37  118    10     18   46     9
  2710     40  181    10     19  101    10
   135     49  106    10     46   40     9
   163     52  127    10     32   35     9
   151     65  148    10    173   34    10
  2718     81  119    10     28   65    10
   141     82  136    10     67   51     9
   152     90  121    10    236   31    10
