  node o_rank o_in o_out p_rank p_in p_out
   187      1  136    10      2   63    10
   182      2  201    10      1   58    10
   186      3  121    10      3   57    10
   192      4  142    10      6   56    10
   103      5  171    10     39   21    10
   204      6  148    10     14   54    10
   189      7  100    10      4   38    10
   215      8  175    10     29   52    10
  1647      9  375    10     50   39    10
   201     10   89    10     11   37    10
    82     12  136    10      5   53    10
   520     13  280    10     12   97    10
   107     14   92    10    495    5     3
   679     15  171    10     15   47    10
  1329     18  171    10     23   41    10
  3957     19  224    10     43   37    10
  1339     20  202    10     30   41    10
    91     21   83    10      7   45    10
   280     23  190    10     42   45    10
   214     24   79    10     49   22    10
  1332     25  123    10     20   37    10
   106     26   82    10    236    9     4
   668     27  156    10     27   50    10
    96     28  102    10      9   51    10
   191     30  155    10     31   16    10
    94     31  130    10     18   47    10
    90     32   84    10     10   42    10
   105     33   54    10    249    8     6
   188     35   63    10      8   24    10
   199     36  103    10     40   27    10
  1330     38   77    10     19   37    10
  1282     39   75    10     17   38    10
  1658     41  132    10     21   61    10
   680     42  101    10     33   37    10
   525     44  157    10     55   37    10
   193     45   48    10     16   22    10
  1237     46   95    10     35   31    10
  1659     47  116    10     24   48    10
   481     50  193    10    985   15     9
   194     53   41    10     13   12     9
  1233     54  108    10     34   40    10
   101     55  107    10     70   29    10
    79     56   59    10     37   29    10
  1340     57  150    10    160   20    10
  1341     58   91    10     64   25    10
    89     59   52    10     25   27    10
   197     60   36    10     32   15     9
   678     61   76    10     48   33    10
  1670     63   92    10     26   48    10
  1236     64   66    10     36   34    10
  1333     67   67    10     45   29    10
   519     68  126    10     71   43    10
   523     69  160    10     67   53    10
   518     70  108    10     59   52    10
    93     71   50    10     22   31    10
   104     73   78    10     79   25    10
   225     75  153    10    779   20    10
   681     76   77    10    104   22    10
   527     77  123    10     91   31    10
  1227     78  109    10    437   13    10
   488     79  132    10    125   35    10
   537     80  111    10     62   36    10
    92     83   56    10     47   22     9
   971     84  133    10    150   20    10
    99     85   63    10     41   29    10
   221     86   76    10    215    8    10
  1328     88   47    10     46   19    10
  1643     89  109    10    379   14     6
  4171     92  112    10    525    7     2
   524     94  104    10    167   23    10
    51     96   98    10     72   29    10
   110     97   46    10    383    6     6
  1660     98   68     9     53   21     9
  1649     99   78    10    217   16    10
   230    100   69    10    137   38    10
