  node o_rank o_in o_out p_rank p_in p_out
  1317      2 1181    18      1 1176    18
  1084      4 1243    49      2 1238    49
  6523      5  816    17      3  812    17
  3912      8  772     5      4  772     5
  6259      9  837     9      6  834     9
 11366     10  798     3      7  798     3
 25118     11  760     9      5  756     9
  3507     12  671    20      8  662    20
  6538     14  592     9      9  589     9
   799     19  746    10     10  741    10
 25119     22  659     8     12  656     8
   699     24  537    14     11  533    14
  2941     28  655     6     13  649     6
  4770     30  503    11     14  490    11
  6541     31  592    27     15  587    27
 25115     34  603    21     16  601    21
  6533     35  539     0     19  538     0
 25116     36  471    12     17  465    12
  4969     38  504    17     21  500    17
  3786     39  407     5     22  404     5
    42     41  309    17     20  279    16
   233     42  327    12     25  323    12
 89979     47  563   274     23  563   274
 89976     48  562   288     24  562   288
  4587     51  404    11     27  395    11
   398     53  412     9     26  408     9
 27211     54  211     3     18  211     3
  2099     62  394    10     32  388    10
 11815     64   16     3     29   16     3
  6274     66  242     4     28  242     4
 11830     68    8    11     31    8    11
  6273     69  218     7     30  218     7
  3938     73  223     2     34  223     2
  3911     74  218     8     33  218     8
 56543     75  273     3     35  273     2
  2714     76  140     2     38  134     2
  9562     77  316    10     39  311    10
 89972     79  560     2     36  560     2
 89974     80  560   288     37  560   288
 30647     85  260     4     40  259     4
  1831     87  270    12     41  267    12
  6520     90  289    10     44  287    10
  7744     92  255    12     47  253    12
  6277     93  170     6     43  170     6
  1370     94  160     6     42  160     6
    59     97  143     4     45  143     4
 19048     99  212     7     52  212     7
 36905    100   63    20     51   63    20
