  node o_rank o_in o_out p_rank p_in p_out
  4584      1 1234    28      1 1228    28
  4960      3 1055    13      2 1026    13
  4963      6  662     2      4  656     2
   700      7  636     2      3  612     2
   953     13  624     6      6  614     6
   698     15  714    19      7  672    19
 17388     16  544     3      5  542     3
  1898     17  814    18      8  813    18
  1934     18  786    18      9  780    18
  2436     20  632     0     11  622     0
  6518     21  779    29     10  776    29
   695     23  485     8     12  479     8
 25121     25  704     0     16  703     0
  6540     26  684     3     14  680     3
  4597     27  657    25     13  657    25
  8672     29  580    17     15  577    17
  4613     32  679     5     17  679     5
  4590     33  634     5     18  634     5
  5648     37  441     7     20  428     7
 23655     40  360    14     19  355    14
  3265     43    6     2     25    6     2
 24415     44  365    13     27  349    13
  9218     45   57     4     21   57     4
  5814     46  430    14     22  427    14
  9217     49    8     2     24    8     2
 10143     50  479    16     23  479    16
  1232     52  463     1     29  456     1
   697     55  437     6     30  433     6
  4585     56  322    17     31  311    17
 26085     57  485    15     28  484    15
 12858     58    1     1     33    1     1
 12859     59    1     3     34    1     3
 12890     60  374    20     26  368    20
  6526     61  343     6     35  338     6
 32817     63  417    17     36  417    17
  6527     65  333     1     37  331     1
 17395     67  119     1     38  119     1
  7786     70  302    24     40  296    24
  4586     71  227     3     41  223     3
 61847     72  406    15     39  406    15
  5287     78   80     8     32   80     8
 61849     81  402    15     42  402    15
  6535     82  316    10     49  308    10
  2756     83  176     5     44  172     5
 17393     84    2    10     45    2    10
  4980     86  113     5     46  113     5
 16422     88    1     1     43    1     1
 34695     89  208    13     47  208    13
  6530     91  290     7     50  285     7
 16423     95    2     4     54    2     4
  1255     96  251    11     51  249    11
 17394     98   18     3     52   18     3
