  node o_rank o_in o_out p_rank p_in p_out
   189      1  355     0      1  159     0
   218      2   45     0      2   19     0
   104      3   32     0     26    8     0
   930      4   36     0     22   13     0
  3080      5   20     4    940    5     4
  2687      6   36     0     31    9     0
  1920      7   30     0     10   14     0
  3768      8   22     4     53    8     4
  5215     10   24     1     79    8     0
  2260     11   14     0      3    9     0
   430     12    6     0     91    3     0
   681     13   32     5     68    9     0
  2637     14   19     6    107    9     4
   371     15   27     0    588    6     0
  3790     16   10    10    278    1    10
   434     17   11     4     14    5     2
   984     18   22     7    155    9     4
  1317     19   24     0    265    6     0
  4650     20   20     2    110    8     2
  2049     21   19    23    230    6     9
  7776     23   27    13    218    8    13
   499     24    5     0    153    2     0
   574     25   11    10    699    3     3
  2503     26   19     0    172    8     0
