  node o_rank o_in o_out p_rank p_in p_out
   187      1  136    10      1  134    10
   182      2  201    10      2  166    10
   186      3  121    10      3  113    10
   192      4  142    10      4  142    10
   103      5  171    10      5  151    10
   204      6  148    10      7  148    10
   189      7  100    10      6   94    10
   215      8  175    10      9  174    10
   201     10   89    10      8   85    10
   129     11  129    10     10  128    10
    82     12  136    10     22   92    10
   520     13  280    10     13  279    10
   107     14   92    10     11   92    10
   136     16  194    10     15  194    10
   155     17  171    10     14  171    10
  1329     18  171    10     20  171    10
  1339     20  202    10     24  202    10
    91     21   83    10     35   48    10
   130     22   90    10     19   90    10
   280     23  190    10     26  187    10
   214     24   79    10     18   78    10
  1332     25  123    10     21  123    10
   106     26   82    10     16   75    10
    96     28  102    10     38   82    10
  1379     29  209    10     25  209    10
   191     30  155    10     30   97    10
    94     31  130    10     42  121    10
    90     32   84    10     37   69    10
   105     33   54    10     17   53    10
   144     34  227    10     33  227    10
   188     35   63    10     12   61    10
   199     36  103    10     23  103    10
   137     37  118    10     31  118    10
  1330     38   77    10     28   77    10
  1282     39   75    10     32   65    10
  2710     40  181    10     40  181    10
  1396     43  162    10     36  162    10
   525     44  157    10     41  157    10
   193     45   48    10     29   48    10
  1385     48  123    10     39  123    10
   135     49  106    10     43  106    10
   481     50  193    10     47  192    10
   163     52  127    10     44  127    10
   194     53   41    10     27   40    10
   101     55  107    10     73   91    10
  1340     57  150    10     48  149    10
  1341     58   91    10     46   90    10
    89     59   52    10     51   51    10
   197     60   36    10     34   36    10
   151     65  148    10     58  148    10
  1333     67   67    10     45   67    10
   519     68  126    10     54  126    10
   523     69  160    10     55  160    10
   518     70  108    10     56  107    10
    93     71   50    10     62   40    10
   104     73   78    10     88   72    10
   225     75  153    10     65  153    10
   527     77  123    10     61  123    10
   488     79  132    10     64  132    10
   537     80  111    10     59  111    10
  2718     81  119    10     60  119    10
   141     82  136    10     63  136    10
    92     83   56    10     71   51    10
    99     85   63    10     82   51    10
   221     86   76    10     50   76    10
  1328     88   47    10     52   47    10
   152     90  121    10     69  121    10
 39139     93  179    10     70  179    10
   524     94  104    10     67  104    10
   110     97   46    10     49   46    10
   230    100   69    10     86   65    10
