  node o_rank o_in o_out p_rank p_in p_out
  1647      9  375    10      1  374    10
   679     15  171    10      2  170    10
  3957     19  224    10      4  222    10
   668     27  156    10      3  150    10
  1658     41  132    10      7  132    10
   680     42  101    10      6  100    10
  1237     46   95    10      5   95    10
  1659     47  116    10      8  114    10
   691     51  114    10     10  114    10
  1233     54  108    10      9  107    10
    79     56   59    10     11   55     9
   678     61   76    10     13   74    10
    84     62   97    10     15   95    10
  1670     63   92    10     14   92    10
  1236     64   66    10     12   65    10
   696     66  154    10     18  154    10
    85     72  100    10     17  100    10
   948     74  140    10     25  140    10
   681     76   77    10     16   75     9
  1227     78  109    10     22  109    10
   971     84  133    10     21  132    10
  6707     87  161    10     30  161    10
  1643     89  109    10     24  106     9
  4111     91  130     9     26  130     9
  4171     92  112    10     27  111    10
  6721     95  113    10     31  113    10
    51     96   98    10     23   98    10
  1660     98   68     9     20   59     9
  1649     99   78    10     34   77    10
