  node o_rank o_in o_out p_rank p_in p_out
     4      1  204     0      1  143     0
    14      3  144     0      2  104     0
     1      4   96  2551      3   64  2112
    19      8   93     0      4   62     0
    59     10   68     0      5   46     0
   131     18   62     0      6   43     0
   223     20   63     0     10   40     0
   302     22   43     0      8   28     0
   319     23   43     0      7   28     0
    72     26   42     0      9   28     0
   129     29   38     0     12   25     0
   479     32   41     0     11   29     0
    41     36   37     0     14   26     0
   165     41   38     0     23   25     0
   110     45   30     0     13   23     0
   639     46   33     0     15   24     0
    74     47   40     0     18   27     0
   939     48   31     0     16   20     0
   243     50   36     0     19   24     0
