  node o_rank o_in o_out p_rank p_in p_out
   187      1  136    10    193   22     8
   182      2  201    10    132   29    10
   186      3  121    10    161   22    10
   192      4  142    10    424   16     8
   204      6  148    10   1152   10     8
   189      7  100    10    177   25    10
   215      8  175    10   1816    9     8
  1647      9  375    10     28   48    10
   201     10   89    10    658   11    10
    82     12  136    10     62   22    10
   679     15  171    10     31   35     9
  3957     19  224    10     10   83    10
    91     21   83    10    175   15     6
   214     24   79    10   2730    6     8
  1332     25  123    10    752    6     2
   668     27  156    10    121   25     8
    96     28  102    10    322   10     5
   191     30  155    10    186   23    10
    94     31  130    10    558    8     6
    90     32   84    10    277    9     7
   188     35   63    10    453   12     8
  1330     38   77    10    451    7     4
  1282     39   75    10    320   10     4
   680     42  101    10    151   17    10
   193     45   48    10    783    8     9
  1237     46   95    10     85   19     7
   691     51  114    10      1   72    10
   194     53   41    10    521   10     7
  1233     54  108    10     82   26    10
    79     56   59    10     76   22    10
    89     59   52    10    374    8     8
   197     60   36    10   1245    7     8
   678     61   76    10    694    9     3
    84     62   97    10      2   48    10
  1236     64   66    10     84   20     9
   696     66  154    10      4   97    10
    93     71   50    10    306   10     7
    85     72  100    10      3   62    10
   948     74  140    10      5  133    10
   681     76   77    10    482   17     6
  1227     78  109    10    916   10     5
    92     83   56    10    661    9     6
   971     84  133    10      9   80    10
  6707     87  161    10     14   76    10
  4111     91  130     9    172   12     2
  4171     92  112    10     78   34    10
  6721     95  113    10     22   58    10
    51     96   98    10    231   19     7
  1649     99   78    10    730    9     2
