  node o_rank o_in o_out p_rank p_in p_out
   103      5  171    10      1  169    10
   129     11  129    10      3  129    10
   520     13  280    10      4  278    10
   107     14   92    10      8   92    10
   136     16  194    10     10  194    10
   155     17  171    10     12  171    10
  1329     18  171    10      5  166     6
  1339     20  202    10      6  199     6
   130     22   90    10     14   90    10
   280     23  190    10     11  190     6
   106     26   82    10     15   82    10
  1379     29  209    10     18  209    10
   105     33   54    10     17   54    10
   144     34  227    10     20  227    10
   199     36  103    10      2   98     4
   137     37  118    10     22  118    10
  2710     40  181    10     28  181    10
  1658     41  132    10     27  124     9
  1396     43  162    10     29  162    10
   525     44  157    10     26  157    10
  1659     47  116    10     30  110     8
  1385     48  123    10     31  123    10
   135     49  106    10     32  106    10
   481     50  193    10     21  193     3
   163     52  127    10     38  127    10
   101     55  107    10     13  103     4
  1340     57  150    10     19  150     7
  1341     58   91    10     23   88     7
  1670     63   92    10     37   88     8
   151     65  148    10     44  148    10
  1333     67   67    10     40   63     7
   519     68  126    10     43  126    10
   523     69  160    10     46  159    10
   518     70  108    10     34  108    10
   104     73   78    10     16   73     4
   225     75  153    10      7  151     5
   527     77  123    10     53  122    10
   488     79  132    10     47  132     8
   537     80  111    10     52  111    10
  2718     81  119    10     56  119    10
   141     82  136    10     57  136    10
    99     85   63    10     49   58     4
   221     86   76    10     33   72     2
  1328     88   47    10     42   41     5
  1643     89  109    10     55  105     6
   152     90  121    10     58  121    10
 39139     93  179    10     63  179    10
   524     94  104    10     45  104     9
   110     97   46    10     64   46    10
  1660     98   68     9     48   67     9
   230    100   69    10      9   67     4
