  node o_rank o_in o_out p_rank p_in p_out
     4      1  204     0      1   70     0
   109      9   84     0      2   34     0
     3     11   84  1823      4   25   946
    24     14   64     0      3   26     0
   123     16   67     0      5   28     0
    86     24   52     0      7   14     0
    49     25   64     0      6   25     0
   129     29   38     0      9   20     0
  1642     37   28     0     16    9     0
   165     41   38     0     10   15     0
   243     50   36     0     12   20     0
