  node o_rank o_in o_out p_rank p_in p_out
    14      3  144     0      1   45     0
    59     10   68     0      2   25     0
   178     19   48     0      8   18     0
    63     21   56     0      3   20     0
   302     22   43     0      5   15     0
    72     26   42     0     19   10     0
   253     27   50     0      4   21     0
   689     28   43     0      6   16     0
   184     33   44     0      9   16     0
   106     38   35     0     11   12     0
    93     39   44     0     12   10     0
  1146     43   22     0     21    7     0
    54     44   33     0      7   12     0
