  node o_rank o_in o_out p_rank p_in p_out
   218      2   45     0      1   25     0
  1920      7   30     0      3   26     0
  3768      8   22     4      6   14     4
 20238      9    2     9      2    2     6
  5215     10   24     1      4   19     1
   371     15   27     0      5   20     0
   984     18   22     7     10   15     5
  1317     19   24     0     18   16     0
  4650     20   20     2     42   15     1
  2049     21   19    23      7   15    20
   499     24    5     0     29    3     0
  2503     26   19     0     39   10     0
