  node o_rank o_in o_out p_rank p_in p_out
   189      1  355     0      1  217     0
   104      3   32     0      4   18     0
   930      4   36     0      3   22     0
  3080      5   20     4      2   16     3
  2687      6   36     0      6   25     0
  2260     11   14     0     20    7     0
   430     12    6     0      5    4     0
   681     13   32     5     11   21     5
  2637     14   19     6    271    9     4
  3790     16   10    10      8    7     8
   434     17   11     4     14    9     2
  8475     22    3     0     12    3     0
  7776     23   27    13     10   20     6
   574     25   11    10    580    7     8
