  node o_rank o_in o_out p_rank p_in p_out
   700      7  636     2      1  185     1
 25118     11  760     9     13  184     0
  6518     21  779    29      3  437    29
    42     41  309    17      5  184    12
   233     42  327    12      9  134     9
 10143     50  479    16      4  401    16
 12858     58    1     1      2    1     1
  6527     65  333     1     39  114     1
 16422     88    1     1     47    1     0
    59     97  143     4      6  141     4
 19048     99  212     7      8  147     6
