  node o_rank o_in o_out p_rank p_in p_out
  4963      6  662     2      1  311     1
   953     13  624     6      3  387     4
  4770     30  503    11     12  183     1
  3786     39  407     5      6  197     3
  9217     49    8     2      2    6     1
 26085     57  485    15      4  477    15
 12859     59    1     3  12272    0     1
 12890     60  374    20     16  145    16
  2099     62  394    10     35  144    10
 32817     63  417    17     14  253    17
 17395     67  119     1     90   72     0
  7786     70  302    24      8  225    18
 61847     72  406    15      5  406    15
  9562     77  316    10     17  132     2
 61849     81  402    15      7  402    15
 30647     85  260     4     10  184     4
 34695     89  208    13     11  205    12
  1255     96  251    11     15  197    11
